00100000110011100011101101110100
00111000001101111011010001010101
01011111101110011010010110101100
01101111111110100100100001001010
01001111111100011001001101001101
00000010100110011111000100000100
01100001100111101100001100101011
00100110110111011100110111010100
00111001101010101100000000010011
01010100101010110001100011101100
01110101011100010000001100001000
01010000101011101100001011101100
01111011110100011011010110111000
00110000100101101100101010001011
00101101010011010101000001001101
01011101100110001111011101111111
01011000111011000110100010011111
00100100101101011011100000100001
00011100101100100101101100010111
00101010111001011110010000100100
00010101010100101001110001001101
01001011010100110101100101101010
01110010010001000110101100111001
00010000111011101110111001100011
00101011000001111100111000010001
01010101001101101111101000100111
01000001001011111010100100101000
00110100010001001100111111001111
00100001010110011001100101100101
01101010011100111101010100100011
01100101010010000100000111001000
01000010001001111101010011011001
00100010101010111000100101111000
01000101000000011110011101110100
00110010001000100001110100100011
01110010100111010001110011000101
01000111100110111101100001111000
00010011110000001110000001001111
00011001011110101110101010011010
00000001010001101001100010001100
01101000011010111111100100111011
00001110111010111110110110100010
01010001111101010101101101111000
01100100001111011010111011110011
00111111100000101011100000101101
01111111010000101010101111000101
01000001110101101010011001110010
00011000011011110010000011001101
00100011111110000110001111100110
01011110100010010000000110001010
01000011010101010000010011110001
00111001010010110000000000110100
00101001110111000101101011110100
00110101100110010111000000101010
01001010001110011110111010010111
01010100111001000010100100000110
00001010110100000110101001010001
00001011011010011001011110111111
00001001001010001111100011010101
00101100001010100000001110110110
01110101110111010110110011100010
01101110011100010011101010011101
01101110010100011101100010010000
00011000100010001111011001011010
00110011011100110010001000010001
00100000011100111111010110110011
00001011001001100001001100011111
01111011000011101111101010001010
00110100001101001101011000000010
00100100101000001111110110111001
01111100010101011001001100010110
00011100101000001100111100111110
00110011100011001110101101011011
01001110010010101110111010001110
00000000110111100111111000110001
01110011000011111010001110001001
01001101100011011001101001010011
01000010101101010010010010100100
00001011011111101100010001010110
01110001100001011111111000111001
00100001001111100010011000101110
01001110110100111100100101000111
00101010110100001111111001101101
01001011000110101000000100100010
00000100011011010011100101110010
01110101000010101110110100000100
00011111111111101010101000101000
00001111001111011010001111000011
00000000011101001000010011000011
00101001001001111010001011111101
00111011011001111010011101111010
01110110010100011111000110100101
00010111100110001101110110011010
00101001101110011000000000001010
00001110110110101110011111111111
01001011000010111111111110101100
01001010001011010111010110111101
00011010000000001111101100011111
01000110000110101111101000110110
01111110011000100100101111000000
00111110101000011111100011011000
01000010011100001000110101001100
00011011000000110001101011111110
01110010001011101110010000110100
00010000101110110111101111011010
00011011111000011001100100101111
01100101001111101000011110111101
01011110010010010001011000101101
01011110100101101011110111010011
01110000101111010100110000010011
01001111110011110001010001100110
01111111110101001110010000000001
00111111100100010001010101011010
01111010101000000001001011010100
01001010111011110110010100100100
01000011111111100100111011001100
01101111101010101111111111011000
01101010111011100000111101001100
01010011001110111111001010010000
01110000000111111000010010011100
00010100000101011011001001001010
00001110101000111001101000001010
01100110011100010111011001000001
00101011101011101000111111100100
00111000010111010001101000010100
01110101010011000101111001000001
01110110101110101000111110010000
00000010100010101000111111010001
00001111010011010101100101100000
00111100110101011000100111000110
00000000111011001101101110010001
01001101111011110101001000111000
01111111010001100001011100010010
00011011111011111111011010001111
01000000000111100011011001101100
00010000000000011001001011101100
00110111110100011000111110111111
00100101010111001011111000101001
01101110010010101010100100011001
00010110011010000100110110010010
00010110000110100000101000111100
00111110000110011011110110000000
00010110001111010011000110010100
01010101101010110001111110010111
00111000101110011101000001010100
01100001001011001001011010111000
00011001101010010110111001100011
00101000011001001101000000101100
01001100000110101010011000000100
01101100111001010110000011110011
00011000100001000101010011001000
01100000001100000101100001001110
01111011100010001111101011111101
01111110111101011100101100001010
00001011110111101110100000110011
00110011111001100001010100010001
01110100010000100010100101001011
00000010100110010111011111000011
00110110011100001010010011100011
00000011100011111000001010101011
00111111011011110000000110001010
00110111010111011000000001110100
01010001011111101101010011100011
00111110101101010001100010011100
01010011010011010111011100000100
00010001100111010000101101010000
01001110101101101010101110001001
00001011000111110000011011000011
00110110111110011100100101111001
00111101000000010101010010100010
00100001100001110101010001010101
01001101000100111101001110110110
01111011000110110001001000100010
00110111110001001000010111101001
00100010101111101111001101001101
00110011110101001110001001110110
00011000111100010001110010100001
00111100011010000110000110110000
01011100001110011011001010100011
01100101000010111100001010100110
00101001010011011100001010100100
01110100101111100000011101101011
01000101001111000001101011110100
00100100110101101011110110100001
01110011101100111101001001110101
01010001000110110000001100100111
01011000101111001101001010110011
01100111111101011111101111000000
01010011101101000111101011101011
00001111001011010111011110010110
01101011100001010111111001101011
00010011001000110111110001110101
01000110100010101111100000001010
00111101000001000101001101001111
01010001110110001001010100010001
00011001110110000110111100001110
01001110101000010101111010011111
00100000100011110100000010011010
00100100111101110111010111010001
00000101100110110010100000011000
01011101100100001001010100111101
01000110011111101100101000100111
01010010101011101111101111001110
01011000101010111010011101011111
01111110010000110101000000010000
01110101011011011110111100011011
00001100100000001000100111010110
00010111001101000110110010110010
00110001110101100101000011001100
01101000101110100011110001111001
01111100010000000010111101011000
01011011001001000001001101110000
01011101011110000100001111100100
01000001011111000100101001001100
01111111111110101101000100010001
01010001001011000001011001011010
00010010100101110100110101110100
01011000101101111010001111000100
00111001001000100001001000011010
01100110010010111100100001011111
01100111111001010001101101011010
00100100101001111001000010000110
01111001011011110100010011010100
00101110011100000001001101100101
01100001101010111110001111010101
01001011010001111101100111100101
01001000010010001000001001110011
00110000010011010100001001110100
01101011110101110001101010000000
01101101001111111111100001000101
00110101111010000110101010001100
01001001011001111010111110111101
00110011101111101100001001101100
00001000100101110110011001011011
00100010000100110101011100011100
00110010000000100001001001111100
01111110000001010101010101110110
00101110100100111110000011110010
01001001001101100111111100101110
00101111110110111010011001000010
00010111010011100001110101101011
01000101011101101010111010000110
00001010111111111011100110110010
01110100110001100110000101010000
00000110111100101111100011010011
00001010111110101000101011000100
01000101111100100111011110101010
00011001100010100100011001000111
01100011101100100010111010001000
01111111000101001000100111000100
01111111110101100000111010100110
01001011100101110100100111100011
00100011101111000001101001001010
01111001010001010101001101111010
01111010000001110101110101001000
00000101011001111111111000011111
01000100100011010010110101011111
01000010010011111101111110111011
00110101101101010100000010010011
00110000011001000100011111011111
00101111100011111101100000000000
01101011100111011010101100100000
01111001110010111111011110011100
01100011010011101001101001101100
01110100001101010001000101111011
00011011110111110100111010111001
00010101010100001010110011101001
01110010001110100110011011110001
01001010011100110010111110101011
01011110100001110010110000010111
00100010000101100000110100110100
01100001110000010100110100010111
00100011111111011101101010011110
00101101000101011100011011100110
01010110100001111010111001100111
00101010111100001101001101110001
00111000000100000101000110101010
00011100011110100010011000010001
01000100011110110001100110111000
00011011110000101000000000110011
00011011100011101010111111010101
01000100010100010010100001011110
01100111010110011100101000010110
00111111010010101100101000100000
00111101100101100111101111011000
01100001011000010010011101011110
01000100101100101100100000111111
00000010001000111010100100110111
00100011101100010000011100011001
01111010011010000000100011010011
00110010100001111111000100010111
01010011010000001101111100011010
01100110000001011011001111110011
00101100010100111110100010110011
00110110100011110111100110000110
01011010001110101100010101101110
01001000001100110011011101101100
01001011111000000010011001101111
01001100011101010010110001011111
00010010101001100110011100011000
00101010011001110101001010000111
01101110100010110011100110010011
01110100011001111011010000101111
01001110011001010010110100100101
00011011101000010000000001111010
01001010111011110110001010010110
01111001010101100000000010010110
01010011101100010101001000100100
01100111011010011000100010100111
00111101110100010001101001001110
01101111011100111101001001010111
00000010111110000011100001111100
00000010001000100100001010101100
01010110110011011001110001101101
01000010010000110000001010011100
00111111101110001011111010000100
00111000001011101100001111001011
00000110111101011100101011011100
01000001110111000110011110111011
01011011110111111100101011100101
00000001010111011101001110101111
01110100011001000101100011010010
00101111001000001010100111111111
01100111011000111000011110100010
00100000101110000100000110000110
01100101101100000010001110000101
01000001100111100100110100010000
01101000111010110111100011110010
00110001100100000100100111110101
00001110000100110111100101101111
01111011100100011110000000001010
01011011111101111001110001111100
01111100100111101011001100000011
01101111111110011001010000111001
00101010010111001100100110100001
00011000001111111011001101111101
00111010111010001111011011001111
00100011101100101100101000110111
01101011111100010000010110100001
00100010010100100111111101110110
01100001100000111110010010000101
01011011011001001101011111111001
00100101010010101011011111110011
01100011101001100010011100110001
00110010001100100111010001100110
01100111100011011011101010001111
00100011010111101110010110110101
01101010011000010011100000110010
01101110100000111000010101101011
01100101001110110100110101110000
01000110010000010000001100010111
01101111111000010101100100011010
01011001100111111010011001000011
01110101011000011010110100010110
01010111010001001110000010111100
01111010010101111110011111001001
01011011000100011101000010011011
00011000111000110010110111001100
01100011010000110110000010111011
00001100101000100001101010010000
00100110111101101010011100111100
01011110110101010100000011000110
01101000100110011011011100001100
00100011100101010101101000111111
01001110110011101101010011111111
00010010111101101000000010101101
00111011110101010000110110111100
00001001101101111100101111001111
00110110101010010100101011100100
00100111110001100001001101011101
00101100000010100100101101000101
00011000001011010010111101101001
00000011001010101110101101010110
01010001010101010000001100111000
01111011110100110101011010011010
00110101010111010101111110111101
00111000111000101011110111001000
00011111001100100011110001001111
00011111101111101001011111101111
00100111011001100100001100110011
00000100011011011000100111000000
01100101111111111001101100000110
00010111010001111001110001001110
01011110000011010011000000000011
01011011011000010100100000011100
01101110100011000111110100001010
01011000011001010001011111001100
00110110011100110001100010110111
00000111011011111010101011010111
00111011101010000111100010000111
01000011000101010011001101001000
00101110011001100101001000010011
00011010011111011011100101001101
00101011101011101110101001010100
01010001111110111010110001010010
01101001010011001000111001001101
00111110101001010110101100000010
00001101110100001011101000001110
01110011000001000101101000011100
01110101010011101011010111100110
00110101100101101100110101101011
00011111000011101010010101100001
00001101011110111110010101010000
00111000110000011011100011000010
01110000011000111010100010011010
00001001010011110011101111101010
01101110000111110001100001111111
00101001010001100110011001100010
00101000100000010111100000111010
00001101110111011011000001101110
01010000101011001010100110010101
00101100111011110000000111111010
01110011110111010100101101110100
01100111111101000100010111100011
00001010111111000011000111111101
01001111001111101001001110010000
01010110100000001100001011101110
01100011011000010100100111001001
00000101101100011010110001000111
01011101111100000110110111000101
00011111000010011100001001010000
01001000110001101101111110001111
00001100010101101011111111011000
00111001100001110111101110011110
01110100011101011100100111100100
01011110010100100110110000101010
00100010110101000000100111101011
00110011000110110011010011100110
01101100001000110010011000111000
00010101110110000110010000000111
00101000011010011110101011001100
00100001101110011111001110100011
00110100111001110000100101101000
00110101111001011101000000011100
01011010011110111010110001100101
00100101010010101011001000000010
00111111001101010000110000000111
01001000100110101100010011100100
01001110100100010001100001100100
01100111101101101000010001000001
01010110011110000111010101010010
00011111001111011100000111111010
00010100101001011000011000111011
01001010010101011100000011000110
00000111001100100000011111011101
00011111101000011011100000111000
00011001100101000101010001010110
01011101101100101100101011001011
00000011000000110000001000000001
00011111010001100000000010011110
00111011101000110011100010010000
00100010000011001100010001010001
01101000000011001110000000101101
01000111111110011111100001101000
01011011100101000011111111101111
01011100100000101010101000010001
00100110010011000110010010010010
01111110011010000100100111011010
00001111100111011101111011110111
00010010011011111000101011001010
00010100010000001010110111100001
00111000000001111100100111000100
00110100001010010111111001101110
01001001001001111011011101001010
01101101111011011001100111100000
00001110101001010010101011010011
01101110011100100110100101001100
00101101001000101010010111100111
01010111001111111110111110111000
00111101000000111000000110110001
00010100110110010010101000101000
00101101101110000110010100001010
01011100010000010100001110101011
00101001011111101011000001100011
01111000000011100010010111010001
01100011011100110100101110001000
01001001001000000110100010011011
00010001101000100111101000100111
01000001001001100001011001010100
01001100001000110110101010011100
00110000111010000111101011000101
01111100110010010100111011100100
01101110001100000010111011101110
00011000111101010101101011110011
01000100110000110100011101001101
01001001110001000110111011011101
01110101011110000000010100000100
01101011000011111010101111011111
01001000001011001011100010111000
00000101000101011110001111111100
01111101011111110011011010101010
01011100011011010110011010011001
00111101000111011010110111000000
00110001101010001011010100011000
00100101100101010001110111100011
00101011000010110100011110100000
01000000010011011101111111101011
00010100000001111000011100110000
01011000001011011110110110001000
00010111100011011100111110100011
01010001000010110000100011100001
01101101000001110001011110110000
01000101010001100011010010101110
00101101010011000100110010001100
00010110100001011100100000010100
00111101010101000101101001111111
00010000101111111001100000010100
01011111101001100011000010101111
01001110111101101101010010100110
01010001111001011010111001101000
00101011110010011001101101001100
01111111110111110100111101101100
01001110101011101111110101001101
00011001111110011100101000111010
00011000110101001010101001011111
00010011011100100100010010011010
01100011101111100011100100010111
00001110010011001010111101100011
01111110100000011111000001111001
00101011111010101111000111001111
00010011011000101001001101011111
01111100000000010010011100100011
00001000010110000101100001101001
01010000100000000100000100011111
00101101101010011101110000111011
00101101111011010111011001001100
01111011100010111000100011000000
01101101111101111011110000100111
01000001111101001111110101111100
01010011101110010111011001001000
00000101100001011000101111001010
00010011000000000000011001011101
01000000110000001000110111111000
01001010110010111100000001111000
01000000010011000101001011101001
01010111010001100101011000001100
00001000001000000001101011110111
01010001000010111110101011111110
00110110111011001000011010111100
01010111000101101110111110011110
00100010111100011001100101100110
01100010101101100010001000001000
01010110111101100011111100001010
01110001101000001001011010110011
01111100101011111110110001000010
01101111110010101110100101101001
00000101000100101101101101001101
01100000011011100010010101011001
01111110000101111001100011001100
00000011100101001100101111000111
00001100010110010001011100101001
00010001011110100010110000101100
01111111100101011111001011101010
00010100101100010110111110010010
01100001111110100110110101001011
00101101001111111100111100100110
01000010100111101110010111011110
01011101100001011111011000001011
00011011001101111000101101001101
00000100100100111110001101011011
00110001001111110110110001010011
00100000101111010001011100010111
00010111100100111110100110111000
01110001111111111111101001001100
01101011100010001101011110010000
01010111111000000011110010100010
01001001010001100101000001011000
01110011101010001111001010000111
00101000111011000010011110100000
00000000001100101101011100010100
01001010101111111110001000100101
01001011110111011100000100000110
01100010111010001111100100011100
00100001101101100010000100101111
00111101011111100101011110111010
01011111100110001110010101011110
00010001100000010000101010011000
01000010100100010011001100000111
01000000000001110000101010111000
00001111100110001010001101100101
01000110001001011111111011001110
01001100011000000010000111100001
00100001000100101100111110010001
01000101101110111111000110111001
01100001000100011001000101110011
00000011000011010011110011011100
01110010111110111100000011011111
00100011101100000111011101010001
01100000100100110011001011101000
00001110001100110100110000101100
00101000010001000101101010101100
00010001110100101001111100111011
00101110111100000110001101000011
00111111110110000100010001100101
00000011110100101001100110000111
00011010011110010011101011010011
00010111101110001000000100000111
01001101000110001110100111100000
00001110001000100010110101011011
01000000101001001010100010100111
01001101010010111100000011110100
01011000111000100000111110000000
00001100100000100110100110101101
00110000001101001011101000010001
01111010100110000011000010110000
01001010000000001100000101100111
00001111110011011001111101101111
00001100000110010011101101001000
00001100100100011111010001101111
01001111110101001010101000100111
00011011101100011101111010101101
01010010101101111111001100111101
00011100001101001100110000001000
00111100110001001010111000111110
00011000011100111110010011110110
01111101010001100101110101111011
00111111110100011110101100011011
00001011011011111010010111010101
00100000111101101101010011001101
00100000011001010001111000000011
00011001101000101111001000000001
01001001001110110010111101111001
00110010001101111011110100111110
01001000100100110101010101000101
00001001000100110111001111011110
00110110000010100101011011000110
01100011000011001001000000011000
00100000110010111111010011100101
00000011001000110100000010100110
01110001001011101011110101110011
01100001011100001001110110001100
01010000011011110000000110011010
01001010000100001100110011110100
01101101111100110000011100111010
00000000101000111011101110101011
01000100101010001111110110100100
00110111111100111100100010100001
00010000011100010101101100011011
01010000110000100011100011101100
01000100100001011011110100010000
01100000010001100000010101000010
01101100011101000001011110011010
00010111001111011011000001001110
01111100011110101101000101001011
00101001001110001100010111011000
00101111101100011001010101000100
01111001110000010010111011000110
01101001000010101011000011110011
00111011001000010011101100011010
00011010101110000000001110010011
00001001011011111100111011110110
01010100110001000010110100011011
01100011111100110011001100001101
00111011101001111000110000110101
00011101010101111000001001100000
01101101000001101010011011101011
01110001101100011110001011111011
00000000011001000001001001111001
00001101110100101001101111010001
01110100110101010010001110100001
01110001100100101100111111101100
01101111010000110011100101011101
01000101010001000010010100111011
00111011101000111001110011100000
01011101001101100100000010010111
01000101111001111110000011100111
00000000010011001001101010000100
00010101001010100000100100111001
01010110010110010011110000000010
01010001000011101101001101110001
01011001101011111100011001001001
00110110100111110100000101000100
00111101100000101110101100001011
01110000111011010111011010010111
00110011000110100001001010001111
01100110101110111011000011100011
00100000100111110000101111011100
00101100110110110100000101010110
01001111110001100110000111010111
01011011110000000100011011110110
01000111100100110100010011101001
01011001001101100011000011001101
00110000100001000111010000010001
00101011100001100111011111110110
00010100110111011011110100000010
01001101110110111111011001110010
00011000100011010001111011100010
00000110100011111001111111111101
01001110010000000000100011101011
00100110010111111011101010110011
01111011011001001100001110011110
00111111110100101101100011010111
00010101101000101111010000010000
01000000101010001110100011011010
01111011011101100111010110111000
01110010110110010011010010101000
00000110100100001100100111000001
01111011110000110001000000111100
00001000000000110011110111100001
01011100111010100000010111000011
01001100110100011110001110101101
01100001101100110000010000101010
00010011100010010100011100000111
00001010010101001100111010111000
01010010101000000111101011000010
01000110101000110101100110010111
01110001000100000111111110011100
01110011001111111000011010011110
01110011011111101001101011101101
01000000110101101110000101110011
01001110111111111100110110010100
00111011000100011101111111010110
00011010000011010001001001000000
01111111100001000100000110100101
01100110100110000101011111001101
00101110111010101100111101000011
01001101011000000011100000010111
01111111001001010111011010101111
00110101011110100110111101000000
00011011101000000100000100000010
00100101100001010011000101100010
00110000110111110011001011011111
01011011011100110001100111011010
00111011001010000010010101110010
01110001100010000001101110111001
01010110111010011000111110010010
00101110000000010101101000011010
01111000000110001110010101111010
01010010101011001001111111001110
00110110000001001001011111111011
01010101000000101110101100111101
00011111011111101000001101111100
00010111101101111001110000100110
01101000100011000011001001000100
00101001110100110101001000110100
01101010010110000001011011101000
00101111001011111000101111011011
00011010111000111101000111010000
01011101100101111001110110000110
00100010101011100010011011001000
01011011101110101011001101000011
00101100100101110110101100011010
01011101110000000000011010011111
01110101110001111100010110000100
00101100000110111010110010111111
01000100010110000101111001101100
00100100101100101001010011000111
01111001011110111110010011010111
01000011011111011101010100011011
01011010001011010000010000000111
00010101000111000010010111011001
01101001000000110000011001111101
00001011000011000011011011100110
01110000100011110011111110110011
00100100001010110010101111101111
01111100100101000101001010011111
01000111011110001100111101000101
01010010001011001000011000001010
01110100101011010011100000011001
00011010001001010110111100010100
00001000001100010001111000000101
01001001101100000010001101010110
00111001101000111111001010010000
00011111111010001011101000101011
00110010001111000101010110011011
01100011011101110100010011000100
00001010010000001101000100010011
01100001011010111110000101110110
01111110010110110001011010010101
01100111110110000110111010011001
00000100000110100000100000111111
01011010000101011100100111011000
00010100011011111101100110110011
01100001110110100000111011011110
01001111110111011000111101011100
01000000100010111000011001110011
00100110001100100110110101001010
01110100100100000010010000100011
00111010000001110110101101001010
01101001101100000100001001100101
01001110101111010010100000101011
01001111001000111001000100100011
01010010101100110100100011100010
01011001110010010101111100010001
00111111101100101101000011010111
01110110110111100111010011010001
01010110010111011011000110110001
00000111001010111010000000011100
01001001000010101111101011011011
01001011000010101110100111001010
00100001010100010000111100110000
01010001001111000001100011100001
00010100101110110000110100100001
01011010111101010000000111000000
01110001001001001101001100001100
01000110111101110110001010111100
00111110011011000100011010000101
01111011011001011010010000100000
00101000011000110100010000110010
00111100110001110101110100011010
01100011001111100001001010111001
00101100011111010100110001110001
00010110110111010010011011110010
01110111101011011110110001101101
00001110010101110101101101001111
01100110101110101011011001001111
00111000001110010111001011100000
00110100100010011100100010011001
01011011010010101101101001110010
01110010010000001101111000101010
00011110001110100000101011111110
00101010000010000000001010011101
01000001011001000110111101001101
01110000111011010101001111100000
00000011110100010110000110101111
00000001000101110100000000100100
01100111110010111100100010110010
01011010001011110001001101100000
00001000010000101110000001000001
00110000110101101100001110001101
00100101001110011111110100101010
00101001100100111110111101110001
00000010000100101101110001101110
00111001111101010000101001001011
00000100100010001111000100110010
01110011001101111010111101111011
00000000111011000110110100000111
01000010111101010011011110110111
01101110100111010101001110011011
00101001010011111011000100111010
01111111101111001001010011010001
01010001110110110110011001010100
01010101110011001111110110101011
00010110100110011011101111000011
01001001100010010101001011000001
01100100001001000101100011111011
01111101010101000111001000010010
00000001110000101100010110100001
00011000101011100010000110010100
01011000100111110100110010000101
01110100000000111010001111001011
00110110111010000010110010010011
00000010101001110100111100100010
00110101011010000001001100011001
00100111110101011000000001110011
00000110011110001011000011010001
00110110011111110101001100111101
00001111101000010100100100100101
01100000101001111100010000110001
00111110110000100011001101111110
01000000011110000000110010110011
00000101111000011100000101011100
01101000010101100010001011110000
01000010100010101110100100100001
00111111110101101100101110100111
01101100110111110001010000100010
00110101110000101001100010011100
01000000110000110011100010101111
00101111110101000100101111011001
00100100010111111110110000110111
01101010000100101110100111101001
00101111100100001110000010101010
01110110001110110101001010001100
00111111110111111110011110010100
01000110001010101001110001101101
00111111110001001010010101001101
00100100000001000100000010001111
01000011011111110000111010000000
01000001100001110110101011101111
00111100101100100110001000100100
00011100000111100101101100000101
00110101100010110000111010111010
01110011100110101000111010110111
00011110110001011010101000100111
01101010111100110010000111010011
00011011011100000000111100101010
00100101001111100101101011111001
00100001011100100111010100010001
00101011000100010101100001010000
00000101111001100001111100101010
01100000001101001010100010001111
01101011100010010110010100000011
00001011110001111110000010000110
01001000100010101100101101111111
00101110000101000100111000100100
01001011100111101010110000101110
00110101011010011101111110100001
01100011110101101110011011000001
00001100011000011110010011011101
01100101001111100010101101111010
00001000001101101101001011111000
01110110011101001100111011000110
00010100110011110000110000100100
01111110011100100010010110000100
00110110010101001011011001011010
01011010111110011010100010010010
00111110001101101100101011010010
01011010010110001111011011101010
00011110011110001011011100010010
01111111101111100011010111000001
00010111000010110101100100001110
00111010100101110001001000010111
00110101010010010100010001111011
00001010101001011110011111000101
01011001010111001011110000111110
00100000001111000110011001001111
00100110000101011111011011101111
01111110100110110001011100110111
01000001101011101101101101100000
01010001001001110100111100111111
00000100100000010011011001100010
00100001111000111000001111101111
00111100101100001011010001000010
00010000010010010001011011101000
01101010011011100100111101101111
01101010110001010000001001100111
01011011111001111100001100010110
00011111110110000010111100010000
01001110100110111110100100101000
01101000010010011010011111110011
00000101000101100101101010001011
01010110110100101011110000100000
01011110101111100111011010111001
00011001111001010110011010101111
01010101010001001110000110100101
00010101000100110010110100010100
01110100110111110000111101000001
00010011011110111010110001110111
01101111011011000010001111111110
00010011010101111100011001010011
00010011001110011110001000111000
00000110011101110111110100001100
01001101111011101101100001101010
01001000100000110010011010110011
00010001000111010110010011010001
00100111010010111001010010101001
01101000101111111000110100000010
00110111001100110101101111000000
00100101111001101010101111100000
00101010011011100110100001100010
00001000010110101010101100000000
00101010011001111110001001000010
01001100010100011110110001010010
01000101000010110101111101000010
00111010101100001111100100101011
00110110110000000011101111000001
00101111110100000110000110101001
00010110100110001011110001000001
01010110100110000110101011010001
01111110011011000100101011010001
01111110111000100110010000110101
01011011101011101100010101011100
01010101001111110000011011110010
01011101101000001101101011101110
01110101100101000010110000001100
00101010100000111110100010010111
01110010101101000000100000000010
01101010011100110011101101001101
00111101111111111001010100001110
01100010001000000010110000000000
01111101110010110000000110100001
01010001001110010111011101000110
01101000100101111010100100001100
01001011101110011101101000001011
00011001101111001001110111111001
01111001101101010000110111011101
01110011000001010110111010110100
00000010011111000010101011111100
00110000111010000110100110011110
00011000111011000001101010010101
00101100111010101001001101011110
00111001010000110001010010011110
01000011010100111111110011010111
01111001001111000111111110110000
01111110010011100111001111100000
01111110000001001111011000000010
00101111111111001011101101110001
00101110000111101101010110001010
00010100100111011011001001000100
00000110100101010010011001000011
00101100100010110010000001011011
00010011100000000001011001111001
01100010010000111110101110011111
00000001110010100010011101001101
01110001001000001111000101100111
01010111110110000001011110101011
00101100010011100000111111100100
01100011110101001111100101101010
01000010010010110101001011111001
01101010010011011010010011110010
01000101111101010010010101101010
01000000000101100101010010011010
00111011100001110001110000111000
00101110100011001100111001110111
00001011110100000010111010100101
01010101010000111011101000110010
00101000010000011101110001010100
01111110110101011001110101011010
01010111101111111110010100101110
01011001001010100100010111110010
